2017-03-30,2
2017-03-31,2
2017-03-10,2
2017-04-12,2
2017-03-09,1
