2017-04-17,1
2017-04-18,1
