FMT_POS_0370,7
