ODS_UNB_0750,4
ODS_POS_1330,3
ODS_POS_1320,1
ODS_UNB_0480,1
ODS_UNB_0221,1
